+---------------------------------+--------+------------------+-------------------+--------------------+---------+---------------------+------+-------+-------+-------+--------+
|            Operazione           | #Frasi | Lunghezza minima | Lunghezza massima |       Media        | Mediana | Deviazione Standard | #>50 | #>100 | #>200 | #>500 | #>1000 |
+---------------------------------+--------+------------------+-------------------+--------------------+---------+---------------------+------+-------+-------+-------+--------+
|        sentence-splitting       |  153   |        5         |         45        |  14.5359477124183  |    12   |  8.689850510335887  |  0   |   0   |   0   |   0   |   0    |
|          verb-filtering         |  139   |        5         |         45        | 15.115107913669064 |    12   |  8.801415512546953  |  0   |   0   |   0   |   0   |   0    |
|       end-point-filtering       |  126   |        5         |         45        | 15.103174603174603 |    12   |   8.76066606150867  |  0   |   0   |   0   |   0   |   0    |
|  end-point-filtering-cutoff-50  |  126   |        5         |         45        | 15.103174603174603 |    12   |   8.76066606150867  |  0   |   0   |   0   |   0   |   0    |
|  end-point-filtering-cutoff-100 |  126   |        5         |         45        | 15.103174603174603 |    12   |   8.76066606150867  |  0   |   0   |   0   |   0   |   0    |
|  end-point-filtering-cutoff-200 |  126   |        5         |         45        | 15.103174603174603 |    12   |   8.76066606150867  |  0   |   0   |   0   |   0   |   0    |
|  end-point-filtering-cutoff-500 |  126   |        5         |         45        | 15.103174603174603 |    12   |   8.76066606150867  |  0   |   0   |   0   |   0   |   0    |
| end-point-filtering-cutoff-1000 |  126   |        5         |         45        | 15.103174603174603 |    12   |   8.76066606150867  |  0   |   0   |   0   |   0   |   0    |
+---------------------------------+--------+------------------+-------------------+--------------------+---------+---------------------+------+-------+-------+-------+--------+